LAYOUTID,SUBLAYOUTID,COLUMNID,COLUMNNAME,DATATYPE,DATETYPEDETIAL,FIELDLENGTH,SN,STARTPOS,ENDPOS,UPDATED_BY,FIELDLINENUMBER,FIELDDELIMITER,FIELDPOSITION,CATEGORY,BUSINESSNAME,SEMANTICKEY
135,4,169,PROD_CD_QUAL_12,VARCHAR2,NA,1,188129,1247,1247,Nirmal Maharjan,,,,VARCHAR2,,
135,4,170,PROD_CD_12,VARCHAR2,NA,17,188130,1248,1264,Nirmal Maharjan,,,,VARCHAR2,,
135,4,171,FED_UPPER_LIMIT_IND_4,VARCHAR2,NA,1,188131,1265,1265,Nirmal Maharjan,,,,VARCHAR2,,
135,4,172,THERAPEUTIC_CLASS_CD_QUAL_13,VARCHAR2,NA,1,188132,1266,1266,Nirmal Maharjan,,,,VARCHAR2,,
135,4,173,THERAPEUTIC_CLASS_CD_13,VARCHAR2,NA,17,188133,1267,1283,Nirmal Maharjan,,,,VARCHAR2,,
135,4,174,THERAPEUTIC_CLASS_CD_QUAL_14,VARCHAR2,NA,1,188134,1284,1284,Nirmal Maharjan,,,,VARCHAR2,,
135,4,175,THERAPEUTIC_CLASS_CD_14,VARCHAR2,NA,17,188135,1285,1301,Nirmal Maharjan,,,,VARCHAR2,,
135,4,176,THERAPEUTIC_CLASS_CD_QUAL_15,VARCHAR2,NA,1,188136,1302,1302,Nirmal Maharjan,,,,VARCHAR2,,
135,4,177,THERAPEUTIC_CLASS_CD_15,VARCHAR2,NA,17,188137,1303,1319,Nirmal Maharjan,,,,VARCHAR2,,
135,4,178,THERAPEUTIC_CLASS_CD_QUAL_16,VARCHAR2,NA,1,188138,1320,1320,Nirmal Maharjan,,,,VARCHAR2,,
135,4,179,THERAPEUTIC_CLASS_CD_16,VARCHAR2,NA,17,188139,1321,1337,Nirmal Maharjan,,,,VARCHAR2,,
135,4,180,SPECIAL_PACKAGING_IND_4,VARCHAR2,NA,1,188140,1338,1338,Nirmal Maharjan,,,,VARCHAR2,,
135,4,181,UNIT_OF_MEASURE_4,VARCHAR2,NA,2,188141,1339,1340,Nirmal Maharjan,,,,VARCHAR2,,
135,4,182,PROCESR_PRIOR_AUTH_CD_3,VARCHAR2,NA,2,188142,1341,1342,Nirmal Maharjan,,,,VARCHAR2,,
135,4,183,MAC_REDUCED_IND_4,VARCHAR2,NA,1,188143,1343,1343,Nirmal Maharjan,,,,VARCHAR2,,
135,4,184,CLIENT_PRICING_BASIS_OF_COST_4,VARCHAR2,NA,2,188144,1344,1345,Nirmal Maharjan,,,,VARCHAR2,,
135,4,185,DUR_CO_AGENT_ID_QUAL_4,VARCHAR2,NA,2,188145,1346,1347,Nirmal Maharjan,,,,VARCHAR2,,
135,4,186,DUR_CO_AGENT_ID_4,VARCHAR2,NA,19,188146,1348,1366,Nirmal Maharjan,,,,VARCHAR2,,
135,4,187,GENERIC_IND_4,VARCHAR2,NA,1,188147,1367,1367,Nirmal Maharjan,,,,VARCHAR2,,
135,4,188,PLAN_CUTBACK_REASON_CD_4,VARCHAR2,NA,1,188148,1368,1368,Nirmal Maharjan,,,,VARCHAR2,,
135,4,189,THERAPEUTIC_CHAPTER_4,VARCHAR2,NA,8,188149,1369,1376,Nirmal Maharjan,,,,VARCHAR2,,
135,4,190,AVCOST_PER_QUANTY_UNIT_PRICE_4,VARCHAR2,NA,11,188150,1377,1387,Nirmal Maharjan,,,,VARCHAR2,,
135,4,191,AV_GENERIC_UNIT_PRICE_4,VARCHAR2,NA,11,188151,1388,1398,Nirmal Maharjan,,,,VARCHAR2,,
135,4,192,AV_WHOLESALE_UNIT_PRICE_4,VARCHAR2,NA,11,188152,1399,1409,Nirmal Maharjan,,,,VARCHAR2,,
135,4,193,FED_UPPER_LIMIT_UNIT_PRICE_4,VARCHAR2,NA,11,188153,1410,1420,Nirmal Maharjan,,,,VARCHAR2,,
135,4,194,MAC_PRICE_4,VARCHAR2,NA,11,188154,1421,1431,Nirmal Maharjan,,,,VARCHAR2,,
135,4,195,BASIS_OF_REIMBURSEMENT_DETER_4,VARCHAR2,NA,2,188155,1432,1433,Nirmal Maharjan,,,,VARCHAR2,,
135,4,196,PATIENT_MEDI_FORM_REBATE_AMT_4,VARCHAR2,NA,8,188156,1434,1441,Nirmal Maharjan,,,,VARCHAR2,,
135,4,197,CMPD_PROD_ID_QUAL_5,VARCHAR2,NA,2,188157,1442,1443,Nirmal Maharjan,,,,VARCHAR2,,
135,4,198,CMPD_PROD_ID_5,VARCHAR2,NA,19,188158,1444,1462,Nirmal Maharjan,,,,VARCHAR2,,
135,4,199,CMPD_ING_QUANTY_5,VARCHAR2,NA,11,188159,1463,1473,Nirmal Maharjan,,,,VARCHAR2,,
135,4,200,CMPD_ING_DRUG_COST_5,VARCHAR2,NA,10,188160,1474,1483,Nirmal Maharjan,,,,VARCHAR2,,
135,4,201,CMPD_ING_BASIS_COST_DETR_4,VARCHAR2,NA,2,188161,1484,1485,Nirmal Maharjan,,,,VARCHAR2,,
135,4,202,CLIENT_FORM_FLAG_5,VARCHAR2,NA,1,188162,1486,1486,Nirmal Maharjan,,,,VARCHAR2,,
135,4,203,PROD_SERV_NAME_5,VARCHAR2,NA,30,188163,1487,1516,Nirmal Maharjan,,,,VARCHAR2,,
135,4,204,GENERIC_NAME_5,VARCHAR2,NA,30,188164,1517,1546,Nirmal Maharjan,,,,VARCHAR2,,
135,4,205,PROD_STRENGTH_5,VARCHAR2,NA,10,188165,1547,1556,Nirmal Maharjan,,,,VARCHAR2,,
135,4,206,DOSAGE_FORM_CD_5,VARCHAR2,NA,4,188166,1557,1560,Nirmal Maharjan,,,,VARCHAR2,,
135,4,207,DATABASE_IND_5,VARCHAR2,NA,1,188167,1561,1561,Nirmal Maharjan,,,,VARCHAR2,,
135,4,208,DRUG_TYPE_5,VARCHAR2,NA,1,188168,1562,1562,Nirmal Maharjan,,,,VARCHAR2,,
135,4,209,FORM_STATUS_5,VARCHAR2,NA,1,188169,1563,1563,Nirmal Maharjan,,,,VARCHAR2,,
135,4,210,DRUG_CATEGORY_CD_5,VARCHAR2,NA,1,188170,1564,1564,Nirmal Maharjan,,,,VARCHAR2,,
135,4,211,FED_DEA_SCHEDULE_5,VARCHAR2,NA,1,188171,1565,1565,Nirmal Maharjan,,,,VARCHAR2,,
135,4,212,FDA_DRUG_EFFICACY_CD_5,VARCHAR2,NA,1,188172,1566,1566,Nirmal Maharjan,,,,VARCHAR2,,
135,4,213,PROD_CD_QUAL_13,VARCHAR2,NA,1,188173,1567,1567,Nirmal Maharjan,,,,VARCHAR2,,
135,4,214,PROD_CD_13,VARCHAR2,NA,17,188174,1568,1584,Nirmal Maharjan,,,,VARCHAR2,,
135,4,215,PROD_CD_QUAL_14,VARCHAR2,NA,1,188175,1585,1585,Nirmal Maharjan,,,,VARCHAR2,,
135,4,216,PROD_CD_14,VARCHAR2,NA,17,188176,1586,1602,Nirmal Maharjan,,,,VARCHAR2,,
135,4,217,PROD_CD_QUAL_15,VARCHAR2,NA,1,188177,1603,1603,Nirmal Maharjan,,,,VARCHAR2,,
135,4,218,PROD_CD_15,VARCHAR2,NA,17,188178,1604,1620,Nirmal Maharjan,,,,VARCHAR2,,
135,4,219,FED_UPPER_LIMIT_IND_5,VARCHAR2,NA,1,188179,1621,1621,Nirmal Maharjan,,,,VARCHAR2,,
135,4,220,THERAPEUTIC_CLASS_CD_QUAL_17,VARCHAR2,NA,1,188180,1622,1622,Nirmal Maharjan,,,,VARCHAR2,,
135,4,221,THERAPEUTIC_CLASS_CD_17,VARCHAR2,NA,17,188181,1623,1639,Nirmal Maharjan,,,,VARCHAR2,,
135,4,222,THERAPEUTIC_CLASS_CD_QUAL_18,VARCHAR2,NA,1,188182,1640,1640,Nirmal Maharjan,,,,VARCHAR2,,
135,4,223,THERAPEUTIC_CLASS_CD_18,VARCHAR2,NA,17,188183,1641,1657,Nirmal Maharjan,,,,VARCHAR2,,
135,4,224,THERAPEUTIC_CLASS_CD_QUAL_19,VARCHAR2,NA,1,188184,1658,1658,Nirmal Maharjan,,,,VARCHAR2,,
135,4,225,THERAPEUTIC_CLASS_CD_19,VARCHAR2,NA,17,188185,1659,1675,Nirmal Maharjan,,,,VARCHAR2,,
135,4,226,THERAPEUTIC_CLASS_CD_QUAL_20,VARCHAR2,NA,1,188186,1676,1676,Nirmal Maharjan,,,,VARCHAR2,,
135,4,227,THERAPEUTIC_CLASS_CD_20,VARCHAR2,NA,17,188187,1677,1693,Nirmal Maharjan,,,,VARCHAR2,,
135,4,228,SPECIAL_PACKAGING_IND_5,VARCHAR2,NA,1,188188,1694,1694,Nirmal Maharjan,,,,VARCHAR2,,
135,4,229,UNIT_OF_MEASURE_5,VARCHAR2,NA,2,188189,1695,1696,Nirmal Maharjan,,,,VARCHAR2,,
135,4,230,PROCSR_PRIOR_AUTH_REASON_CODE,VARCHAR2,NA,2,188190,1697,1698,Nirmal Maharjan,,,,VARCHAR2,,
135,4,231,MAC_REDUCED_IND_5,VARCHAR2,NA,1,188191,1699,1699,Nirmal Maharjan,,,,VARCHAR2,,
135,4,232,CLIENT_PRICING_BASIS_OF_COST_5,VARCHAR2,NA,2,188192,1700,1701,Nirmal Maharjan,,,,VARCHAR2,,
135,4,233,DUR_CO_AGENT_ID_QUAL_5,VARCHAR2,NA,2,188193,1702,1703,Nirmal Maharjan,,,,VARCHAR2,,
135,4,234,DUR_CO_AGENT_ID_5,VARCHAR2,NA,19,188194,1704,1722,Nirmal Maharjan,,,,VARCHAR2,,
135,4,235,GENERIC_IND_5,VARCHAR2,NA,1,188195,1723,1723,Nirmal Maharjan,,,,VARCHAR2,,
135,4,236,PLAN_CUTBACK_REASON_CD_5,VARCHAR2,NA,1,188196,1724,1724,Nirmal Maharjan,,,,VARCHAR2,,
135,4,237,THERAPEUTIC_CHAPTER_5,VARCHAR2,NA,8,188197,1725,1732,Nirmal Maharjan,,,,VARCHAR2,,
135,4,238,AV_COST_PER_QUANTY_UNITPRICE_5,VARCHAR2,NA,11,188198,1733,1743,Nirmal Maharjan,,,,VARCHAR2,,
135,4,239,AV_GENERIC_UNIT_PRICE_5,VARCHAR2,NA,11,188199,1744,1754,Nirmal Maharjan,,,,VARCHAR2,,
135,4,240,AV_WHOLESALE_UNIT_PRICE_5,VARCHAR2,NA,11,188200,1755,1765,Nirmal Maharjan,,,,VARCHAR2,,
135,4,241,FED_UPPER_LIMIT_UNT_PRICE,VARCHAR2,NA,11,188201,1766,1776,Nirmal Maharjan,,,,VARCHAR2,,
135,4,242,MAC_PRICE_5,VARCHAR2,NA,11,188202,1777,1787,Nirmal Maharjan,,,,VARCHAR2,,
135,4,243,BASIS_OF_REIMBURSEMENT_DETER_5,VARCHAR2,NA,2,188203,1788,1789,Nirmal Maharjan,,,,VARCHAR2,,
135,4,244,PATIENT_MEDI_FORM_REBATE_AMT_5,VARCHAR2,NA,8,188204,1790,1797,Nirmal Maharjan,,,,VARCHAR2,,
135,3,1,RecCode,VARCHAR2,NA,1,187948,1,1,Nirmal Maharjan,,,,VARCHAR2,,
135,3,2,ProcessorNumber,VARCHAR2,NA,10,187949,2,11,Nirmal Maharjan,,,,VARCHAR2,,
135,3,3,BatchNumber,VARCHAR2,NA,5,187950,12,16,Nirmal Maharjan,,,,VARCHAR2,,
135,3,4,PharmacyNumber,VARCHAR2,NA,10,187951,17,26,Nirmal Maharjan,,,,VARCHAR2,,
135,3,5,PharmacyName,VARCHAR2,NA,20,187952,27,46,Nirmal Maharjan,,,,VARCHAR2,,
135,3,6,PharmacyAddress,VARCHAR2,NA,20,187953,47,66,Nirmal Maharjan,,,,VARCHAR2,,
135,3,7,PharmacyCity,VARCHAR2,NA,18,187954,67,84,Nirmal Maharjan,,,,VARCHAR2,,
135,3,8,PharmacyState,VARCHAR2,NA,2,187955,85,86,Nirmal Maharjan,,,,VARCHAR2,,
135,3,9,PharmacyZip,VARCHAR2,NA,5,187956,87,91,Nirmal Maharjan,,,,VARCHAR2,,
135,3,10,PharmacyPhoneNumber,VARCHAR2,NA,10,187957,92,101,Nirmal Maharjan,,,,VARCHAR2,,
135,3,11,ExpandedZipCode,VARCHAR2,NA,4,187958,102,105,Nirmal Maharjan,,,,VARCHAR2,,
135,3,12,ExpansionArea,VARCHAR2,NA,213,187959,106,318,Nirmal Maharjan,,,,VARCHAR2,,
135,3,13,UnassignedFreeForm,VARCHAR2,NA,2182,187960,319,2500,Nirmal Maharjan,,,,VARCHAR2,,
135,4,1,Rec_Code,VARCHAR2,NA,2,187961,1,2,Nirmal Maharjan,,,,VARCHAR2,,
135,4,2,PRES_SERV_REF_NUMBER_QUAL,VARCHAR2,NA,1,187962,3,3,Nirmal Maharjan,,,,VARCHAR2,,
135,4,3,PRES_SERV_REF_NUMBER,VARCHAR2,NA,12,187963,4,15,Nirmal Maharjan,,,,VARCHAR2,,
135,4,4,CMPD_ING_COMPONENT_COUNT,VARCHAR2,NA,2,187964,16,17,Nirmal Maharjan,,,,VARCHAR2,,
135,4,5,CMPD_PROD_ID_QUAL_1,VARCHAR2,NA,2,187965,18,19,Nirmal Maharjan,,,,VARCHAR2,,
135,4,6,CMPD_PROD_ID_1,VARCHAR2,NA,19,187966,20,38,Nirmal Maharjan,,,,VARCHAR2,,
135,4,7,CMPD_ING_QUANTY_1,VARCHAR2,NA,11,187967,39,49,Nirmal Maharjan,,,,VARCHAR2,,
135,4,8,CMPD_ING_DRUG_COST_1,VARCHAR2,NA,10,187968,50,59,Nirmal Maharjan,,,,VARCHAR2,,
135,4,9,CMPD_ING_BASIS_COST_DETER_1,VARCHAR2,NA,2,187969,60,61,Nirmal Maharjan,,,,VARCHAR2,,
135,4,10,CLIENT_FORM_FLAG_1,VARCHAR2,NA,1,187970,62,62,Nirmal Maharjan,,,,VARCHAR2,,
135,4,11,PROD_SERV_NAME_1,VARCHAR2,NA,30,187971,63,92,Nirmal Maharjan,,,,VARCHAR2,,
135,4,12,GENERIC_NAME_1,VARCHAR2,NA,30,187972,93,122,Nirmal Maharjan,,,,VARCHAR2,,
135,4,13,PROD_STRENGTH_1,VARCHAR2,NA,10,187973,123,132,Nirmal Maharjan,,,,VARCHAR2,,
135,4,14,DOSAGE_FORM_CD_1,VARCHAR2,NA,4,187974,133,136,Nirmal Maharjan,,,,VARCHAR2,,
135,4,15,DATABASE_IND_1,VARCHAR2,NA,1,187975,137,137,Nirmal Maharjan,,,,VARCHAR2,,
135,4,16,DRUG_TYPE_1,VARCHAR2,NA,1,187976,138,138,Nirmal Maharjan,,,,VARCHAR2,,
135,4,17,FORM_STATUS_1,VARCHAR2,NA,1,187977,139,139,Nirmal Maharjan,,,,VARCHAR2,,
135,4,18,DRUG_CATEGORY_CD_1,VARCHAR2,NA,1,187978,140,140,Nirmal Maharjan,,,,VARCHAR2,,
135,4,19,FED_DEA_SCHEDULE_1,VARCHAR2,NA,1,187979,141,141,Nirmal Maharjan,,,,VARCHAR2,,
135,4,20,FDA_DRUG_EFFICACY_CD_1,VARCHAR2,NA,1,187980,142,142,Nirmal Maharjan,,,,VARCHAR2,,
135,4,21,PROD_CD_QUAL_1,VARCHAR2,NA,1,187981,143,143,Nirmal Maharjan,,,,VARCHAR2,,
135,4,22,PROD_CD_1,VARCHAR2,NA,17,187982,144,160,Nirmal Maharjan,,,,VARCHAR2,,
135,4,23,PROD_CD_QUAL_2,VARCHAR2,NA,1,187983,161,161,Nirmal Maharjan,,,,VARCHAR2,,
135,4,24,PROD_CD_2,VARCHAR2,NA,17,187984,162,178,Nirmal Maharjan,,,,VARCHAR2,,
135,4,25,PROD_CD_QUAL_3,VARCHAR2,NA,1,187985,179,179,Nirmal Maharjan,,,,VARCHAR2,,
135,4,26,PROD_CD_3,VARCHAR2,NA,17,187986,180,196,Nirmal Maharjan,,,,VARCHAR2,,
135,4,27,FED_UPPER_LIMIT_IND_1,VARCHAR2,NA,1,187987,197,197,Nirmal Maharjan,,,,VARCHAR2,,
135,4,28,THERAPEUTIC_CLASS_CD_QUAL_1,VARCHAR2,NA,1,187988,198,198,Nirmal Maharjan,,,,VARCHAR2,,
135,4,29,THERAPEUTIC_CLASS_CD_1,VARCHAR2,NA,17,187989,199,215,Nirmal Maharjan,,,,VARCHAR2,,
135,4,30,THERAPEUTIC_CLASS_CD_QUAL_2,VARCHAR2,NA,1,187990,216,216,Nirmal Maharjan,,,,VARCHAR2,,
135,4,31,THERAPEUTIC_CLASS_CD_2,VARCHAR2,NA,17,187991,217,233,Nirmal Maharjan,,,,VARCHAR2,,
135,4,32,THERAPEUTIC_CLASS_CD_QUAL_3,VARCHAR2,NA,1,187992,234,234,Nirmal Maharjan,,,,VARCHAR2,,
135,4,33,THERAPEUTIC_CLASS_CD_3,VARCHAR2,NA,17,187993,235,251,Nirmal Maharjan,,,,VARCHAR2,,
135,4,34,THERAPEUTIC_CLASS_CD_QUAL_4,VARCHAR2,NA,1,187994,252,252,Nirmal Maharjan,,,,VARCHAR2,,
135,4,35,THERAPEUTIC_CLASS_CD_4,VARCHAR2,NA,17,187995,253,269,Nirmal Maharjan,,,,VARCHAR2,,
135,4,36,SPECIAL_PACKAGING_IND_1,VARCHAR2,NA,1,187996,270,270,Nirmal Maharjan,,,,VARCHAR2,,
135,4,37,UNIT_OF_MEASURE_1,VARCHAR2,NA,2,187997,271,272,Nirmal Maharjan,,,,VARCHAR2,,
135,4,38,PROCESR_PRIOR_AUTH_REASON_CD_1,VARCHAR2,NA,2,187998,273,274,Nirmal Maharjan,,,,VARCHAR2,,
135,4,39,MAC_REDUCED_IND_1,VARCHAR2,NA,1,187999,275,275,Nirmal Maharjan,,,,VARCHAR2,,
135,4,40,CLIENT_PRICING_BASIS_OF_COST_1,VARCHAR2,NA,2,188000,276,277,Nirmal Maharjan,,,,VARCHAR2,,
135,4,41,DUR_CO_AGENT_ID_QUAL_1,VARCHAR2,NA,2,188001,278,279,Nirmal Maharjan,,,,VARCHAR2,,
135,4,42,DUR_CO_AGENT_ID_1,VARCHAR2,NA,19,188002,280,298,Nirmal Maharjan,,,,VARCHAR2,,
135,4,43,GENERIC_IND_1,VARCHAR2,NA,1,188003,299,299,Nirmal Maharjan,,,,VARCHAR2,,
135,4,44,PLAN_CUTBACK_REASON_CD_1,VARCHAR2,NA,1,188004,300,300,Nirmal Maharjan,,,,VARCHAR2,,
135,4,45,THERAPEUTIC_CHAPTER_1,VARCHAR2,NA,8,188005,301,308,Nirmal Maharjan,,,,VARCHAR2,,
135,4,46,AV_COST_PER_QUANTY_UNITPRICE_1,VARCHAR2,NA,11,188006,309,319,Nirmal Maharjan,,,,VARCHAR2,,
135,4,47,AV_GENERIC_UNIT_PRICE_1,VARCHAR2,NA,11,188007,320,330,Nirmal Maharjan,,,,VARCHAR2,,
135,4,48,AV_WHOLESALE_UNIT_PRICE_1,VARCHAR2,NA,11,188008,331,341,Nirmal Maharjan,,,,VARCHAR2,,
135,4,49,FED_UPPER_LIMIT_UNIT_PRICE_1,VARCHAR2,NA,11,188009,342,352,Nirmal Maharjan,,,,VARCHAR2,,
135,4,50,MAC_PRICE_1,VARCHAR2,NA,11,188010,353,363,Nirmal Maharjan,,,,VARCHAR2,,
135,4,51,BASIS_OF_REIMBURSEMENT_DETER_1,VARCHAR2,NA,2,188011,364,365,Nirmal Maharjan,,,,VARCHAR2,,
135,4,52,PATIENT_MEDI_FORM_REBATE_AMT_1,VARCHAR2,NA,8,188012,366,373,Nirmal Maharjan,,,,VARCHAR2,,
135,4,53,CMPD_PROD_ID_QUAL_2,VARCHAR2,NA,2,188013,374,375,Nirmal Maharjan,,,,VARCHAR2,,
135,4,54,CMPD_PROD_ID_2,VARCHAR2,NA,19,188014,376,394,Nirmal Maharjan,,,,VARCHAR2,,
135,4,55,CMPD_ING_QUANTY_2,VARCHAR2,NA,11,188015,395,405,Nirmal Maharjan,,,,VARCHAR2,,
135,4,56,CMPD_ING_DRUG_COST_2,VARCHAR2,NA,10,188016,406,415,Nirmal Maharjan,,,,VARCHAR2,,
135,4,57,CMPD_ING_BASIS_OF_COST_DETER_2,VARCHAR2,NA,2,188017,416,417,Nirmal Maharjan,,,,VARCHAR2,,
135,4,58,CLIENT_FORM_FLAG_2,VARCHAR2,NA,1,188018,418,418,Nirmal Maharjan,,,,VARCHAR2,,
135,4,59,PROD_SERV_NAME_2,VARCHAR2,NA,30,188019,419,448,Nirmal Maharjan,,,,VARCHAR2,,
135,4,60,GENERIC_NAME_2,VARCHAR2,NA,30,188020,449,478,Nirmal Maharjan,,,,VARCHAR2,,
135,4,61,PROD_STRENGTH_2,VARCHAR2,NA,10,188021,479,488,Nirmal Maharjan,,,,VARCHAR2,,
135,4,62,DOSAGE_FORM_CD_2,VARCHAR2,NA,4,188022,489,492,Nirmal Maharjan,,,,VARCHAR2,,
135,4,63,DATABASE_IND_2,VARCHAR2,NA,1,188023,493,493,Nirmal Maharjan,,,,VARCHAR2,,
135,4,64,DRUG_TYPE_2,VARCHAR2,NA,1,188024,494,494,Nirmal Maharjan,,,,VARCHAR2,,
135,4,65,FORM_STATUS_2,VARCHAR2,NA,1,188025,495,495,Nirmal Maharjan,,,,VARCHAR2,,
135,4,66,DRUG_CATEGORY_CD_2,VARCHAR2,NA,1,188026,496,496,Nirmal Maharjan,,,,VARCHAR2,,
135,4,67,FED_DEA_SCHEDULE_2,VARCHAR2,NA,1,188027,497,497,Nirmal Maharjan,,,,VARCHAR2,,
135,4,68,FDA_DRUG_EFFICACY_CD_2,VARCHAR2,NA,1,188028,498,498,Nirmal Maharjan,,,,VARCHAR2,,
135,4,69,PROD_CD_QUAL_4,VARCHAR2,NA,1,188029,499,499,Nirmal Maharjan,,,,VARCHAR2,,
135,4,70,PROD_CD_4,VARCHAR2,NA,17,188030,500,516,Nirmal Maharjan,,,,VARCHAR2,,
135,4,71,PROD_CD_QUAL_5,VARCHAR2,NA,1,188031,517,517,Nirmal Maharjan,,,,VARCHAR2,,
135,4,72,PROD_CD_5,VARCHAR2,NA,17,188032,518,534,Nirmal Maharjan,,,,VARCHAR2,,
135,4,73,PROD_CD_QUAL_6,VARCHAR2,NA,1,188033,535,535,Nirmal Maharjan,,,,VARCHAR2,,
135,4,74,PROD_CD_6,VARCHAR2,NA,17,188034,536,552,Nirmal Maharjan,,,,VARCHAR2,,
135,4,75,FED_UPPER_LIMIT_IND_2,VARCHAR2,NA,1,188035,553,553,Nirmal Maharjan,,,,VARCHAR2,,
135,4,76,THERAPEUTIC_CLASS_CD_QUAL_5,VARCHAR2,NA,1,188036,554,554,Nirmal Maharjan,,,,VARCHAR2,,
135,4,77,THERAPEUTIC_CLASS_CD_5,VARCHAR2,NA,17,188037,555,571,Nirmal Maharjan,,,,VARCHAR2,,
135,4,78,THERAPEUTIC_CLASS_CD_QUAL_6,VARCHAR2,NA,1,188038,572,572,Nirmal Maharjan,,,,VARCHAR2,,
135,4,79,THERAPEUTIC_CLASS_CD_6,VARCHAR2,NA,17,188039,573,589,Nirmal Maharjan,,,,VARCHAR2,,
135,4,80,THERAPEUTIC_CLASS_CD_QUAL_7,VARCHAR2,NA,1,188040,590,590,Nirmal Maharjan,,,,VARCHAR2,,
135,4,81,THERAPEUTIC_CLASS_CD_7,VARCHAR2,NA,17,188041,591,607,Nirmal Maharjan,,,,VARCHAR2,,
135,4,82,THERAPEUTIC_CLASS_CD_QUAL_8,VARCHAR2,NA,1,188042,608,608,Nirmal Maharjan,,,,VARCHAR2,,
135,4,83,THERAPEUTIC_CLASS_CD_8,VARCHAR2,NA,17,188043,609,625,Nirmal Maharjan,,,,VARCHAR2,,
135,4,84,SPECIAL_PACKAGING_IND_2,VARCHAR2,NA,1,188044,626,626,Nirmal Maharjan,,,,VARCHAR2,,
135,4,85,UNIT_OF_MEASURE_2,VARCHAR2,NA,2,188045,627,628,Nirmal Maharjan,,,,VARCHAR2,,
135,4,86,PROCESR_PRIOR_AUTH_CD_2,VARCHAR2,NA,2,188046,629,630,Nirmal Maharjan,,,,VARCHAR2,,
135,4,87,MAC_REDUCED_IND_2,VARCHAR2,NA,1,188047,631,631,Nirmal Maharjan,,,,VARCHAR2,,
135,4,88,CLIENT_PRICING_BASIS_OF_COST_2,VARCHAR2,NA,2,188048,632,633,Nirmal Maharjan,,,,VARCHAR2,,
135,4,89,DUR_CO_AGENT_ID_QUAL_2,VARCHAR2,NA,2,188049,634,635,Nirmal Maharjan,,,,VARCHAR2,,
135,4,90,DUR_CO_AGENT_ID_2,VARCHAR2,NA,19,188050,636,654,Nirmal Maharjan,,,,VARCHAR2,,
135,4,91,GENERIC_IND_2,VARCHAR2,NA,1,188051,655,655,Nirmal Maharjan,,,,VARCHAR2,,
135,4,92,PLAN_CUTBACK_REASON_CD_2,VARCHAR2,NA,1,188052,656,656,Nirmal Maharjan,,,,VARCHAR2,,
135,4,93,THERAPEUTIC_CHAPTER_2,VARCHAR2,NA,8,188053,657,664,Nirmal Maharjan,,,,VARCHAR2,,
135,4,94,AVCOST_PER_QUANTY_UNIT_PRICE_2,VARCHAR2,NA,11,188054,665,675,Nirmal Maharjan,,,,VARCHAR2,,
135,4,95,AV_GENERIC_UNIT_PRICE_2,VARCHAR2,NA,11,188055,676,686,Nirmal Maharjan,,,,VARCHAR2,,
135,4,96,AV_WHOLESALE_UNIT_PRICE_2,VARCHAR2,NA,11,188056,687,697,Nirmal Maharjan,,,,VARCHAR2,,
135,4,97,FED_UPPER_LIMIT_UNIT_PRICE_2,VARCHAR2,NA,11,188057,698,708,Nirmal Maharjan,,,,VARCHAR2,,
135,4,98,MAC_PRICE_2,VARCHAR2,NA,11,188058,709,719,Nirmal Maharjan,,,,VARCHAR2,,
135,4,99,BASIS_OF_REIMBURSEMENT_DETER_2,VARCHAR2,NA,2,188059,720,721,Nirmal Maharjan,,,,VARCHAR2,,
135,4,100,PATIENT_MEDI_FORM_REBATE_AMT_2,VARCHAR2,NA,8,188060,722,729,Nirmal Maharjan,,,,VARCHAR2,,
135,4,101,CMPD_PROD_ID_QUAL_3,VARCHAR2,NA,2,188061,730,731,Nirmal Maharjan,,,,VARCHAR2,,
135,4,102,CMPD_PROD_ID_3,VARCHAR2,NA,19,188062,732,750,Nirmal Maharjan,,,,VARCHAR2,,
135,4,103,CMPD_ING_QUANTY_3,VARCHAR2,NA,11,188063,751,761,Nirmal Maharjan,,,,VARCHAR2,,
135,4,104,CMPD_ING_DRUG_COST_3,VARCHAR2,NA,10,188064,762,771,Nirmal Maharjan,,,,VARCHAR2,,
135,4,105,COMPD_ING_BASIS_OF_COST_DETER,VARCHAR2,NA,2,188065,772,773,Nirmal Maharjan,,,,VARCHAR2,,
135,4,106,CLIENT_FORM_FLAG_3,VARCHAR2,NA,1,188066,774,774,Nirmal Maharjan,,,,VARCHAR2,,
135,4,107,PROD_SERV_NAME_3,VARCHAR2,NA,30,188067,775,804,Nirmal Maharjan,,,,VARCHAR2,,
135,4,108,GENERIC_NAME_3,VARCHAR2,NA,30,188068,805,834,Nirmal Maharjan,,,,VARCHAR2,,
135,4,109,PROD_STRENGTH_3,VARCHAR2,NA,10,188069,835,844,Nirmal Maharjan,,,,VARCHAR2,,
135,4,110,DOSAGE_FORM_CD_3,VARCHAR2,NA,4,188070,845,848,Nirmal Maharjan,,,,VARCHAR2,,
135,4,111,DATABASE_IND_3,VARCHAR2,NA,1,188071,849,849,Nirmal Maharjan,,,,VARCHAR2,,
135,4,112,DRUG_TYPE_3,VARCHAR2,NA,1,188072,850,850,Nirmal Maharjan,,,,VARCHAR2,,
135,4,113,FORM_STATUS_3,VARCHAR2,NA,1,188073,851,851,Nirmal Maharjan,,,,VARCHAR2,,
135,4,114,DRUG_CATEGORY_CD_3,VARCHAR2,NA,1,188074,852,852,Nirmal Maharjan,,,,VARCHAR2,,
135,4,115,FED_DEA_SCHEDULE_3,VARCHAR2,NA,1,188075,853,853,Nirmal Maharjan,,,,VARCHAR2,,
135,4,116,FDA_DRUG_EFFICACY_CD_3,VARCHAR2,NA,1,188076,854,854,Nirmal Maharjan,,,,VARCHAR2,,
135,4,117,PROD_CD_QUAL_7,VARCHAR2,NA,1,188077,855,855,Nirmal Maharjan,,,,VARCHAR2,,
135,4,118,PROD_CD_7,VARCHAR2,NA,17,188078,856,872,Nirmal Maharjan,,,,VARCHAR2,,
135,4,119,PROD_CD_QUAL_8,VARCHAR2,NA,1,188079,873,873,Nirmal Maharjan,,,,VARCHAR2,,
135,4,120,PROD_CD_8,VARCHAR2,NA,17,188080,874,890,Nirmal Maharjan,,,,VARCHAR2,,
135,4,121,PROD_CD_QUAL_9,VARCHAR2,NA,1,188081,891,891,Nirmal Maharjan,,,,VARCHAR2,,
135,4,122,PROD_CD_9,VARCHAR2,NA,17,188082,892,908,Nirmal Maharjan,,,,VARCHAR2,,
135,4,123,FED_UPPER_LIMIT_IND_3,VARCHAR2,NA,1,188083,909,909,Nirmal Maharjan,,,,VARCHAR2,,
135,4,124,THERAPEUTIC_CLASS_CD_QUAL_9,VARCHAR2,NA,1,188084,910,910,Nirmal Maharjan,,,,VARCHAR2,,
135,4,125,THERAPEUTIC_CLASS_CD_9,VARCHAR2,NA,17,188085,911,927,Nirmal Maharjan,,,,VARCHAR2,,
135,4,126,THERAPEUTIC_CLASS_CD_QUAL_10,VARCHAR2,NA,1,188086,928,928,Nirmal Maharjan,,,,VARCHAR2,,
135,4,127,THERAPEUTIC_CLASS_CD_10,VARCHAR2,NA,17,188087,929,945,Nirmal Maharjan,,,,VARCHAR2,,
135,4,128,THERAPEUTIC_CLASS_CD_QUAL_11,VARCHAR2,NA,1,188088,946,946,Nirmal Maharjan,,,,VARCHAR2,,
135,4,129,THERAPEUTIC_CLASS_CD_11,VARCHAR2,NA,17,188089,947,963,Nirmal Maharjan,,,,VARCHAR2,,
135,4,130,THERAPEUTIC_CLASS_CD_QUAL_12,VARCHAR2,NA,1,188090,964,964,Nirmal Maharjan,,,,VARCHAR2,,
135,4,131,THERAPEUTIC_CLASS_CD_12,VARCHAR2,NA,17,188091,965,981,Nirmal Maharjan,,,,VARCHAR2,,
135,4,132,SPECIAL_PACKAGING_IND_3,VARCHAR2,NA,1,188092,982,982,Nirmal Maharjan,,,,VARCHAR2,,
135,4,133,UNIT_OF_MEASURE_3,VARCHAR2,NA,2,188093,983,984,Nirmal Maharjan,,,,VARCHAR2,,
135,4,134,PROCESR_DEF_PRIORAUTH_REASONCD,VARCHAR2,NA,2,188094,985,986,Nirmal Maharjan,,,,VARCHAR2,,
135,4,135,MAC_REDUCED_IND_3,VARCHAR2,NA,1,188095,987,987,Nirmal Maharjan,,,,VARCHAR2,,
135,4,136,CLIENT_PRICING_BASIS_OF_COST_3,VARCHAR2,NA,2,188096,988,989,Nirmal Maharjan,,,,VARCHAR2,,
135,4,137,DUR_CO_AGENT_ID_QUAL_3,VARCHAR2,NA,2,188097,990,991,Nirmal Maharjan,,,,VARCHAR2,,
135,4,138,DUR_CO_AGENT_ID_3,VARCHAR2,NA,19,188098,992,1010,Nirmal Maharjan,,,,VARCHAR2,,
135,4,139,GENERIC_IND_3,VARCHAR2,NA,1,188099,1011,1011,Nirmal Maharjan,,,,VARCHAR2,,
135,4,140,PLAN_CUTBACK_REASON_CD_3,VARCHAR2,NA,1,188100,1012,1012,Nirmal Maharjan,,,,VARCHAR2,,
135,4,141,THERAPEUTIC_CHAPTER_3,VARCHAR2,NA,8,188101,1013,1020,Nirmal Maharjan,,,,VARCHAR2,,
135,4,142,AVCOST_PER_QUANTY_UNIT_PRICE_3,VARCHAR2,NA,11,188102,1021,1031,Nirmal Maharjan,,,,VARCHAR2,,
135,4,143,AV_GENERIC_UNIT_PRICE_3,VARCHAR2,NA,11,188103,1032,1042,Nirmal Maharjan,,,,VARCHAR2,,
135,4,144,AV_WHOLESALE_UNIT_PRICE_3,VARCHAR2,NA,11,188104,1043,1053,Nirmal Maharjan,,,,VARCHAR2,,
135,4,145,FED_UPPER_LIMIT_UNIT_PRICE_3,VARCHAR2,NA,11,188105,1054,1064,Nirmal Maharjan,,,,VARCHAR2,,
135,4,146,MAC_PRICE_3,VARCHAR2,NA,11,188106,1065,1075,Nirmal Maharjan,,,,VARCHAR2,,
135,4,147,BASIS_OF_REIMBURSEMENT_DETER_3,VARCHAR2,NA,2,188107,1076,1077,Nirmal Maharjan,,,,VARCHAR2,,
135,4,148,PATIENT_MEDI_FORM_REBATE_AMT_3,VARCHAR2,NA,8,188108,1078,1085,Nirmal Maharjan,,,,VARCHAR2,,
135,4,149,CMPD_PROD_ID_QUAL_4,VARCHAR2,NA,2,188109,1086,1087,Nirmal Maharjan,,,,VARCHAR2,,
135,4,150,CMPD_PROD_ID_4,VARCHAR2,NA,19,188110,1088,1106,Nirmal Maharjan,,,,VARCHAR2,,
135,4,151,CMPD_ING_QUANTY_4,VARCHAR2,NA,11,188111,1107,1117,Nirmal Maharjan,,,,VARCHAR2,,
135,4,152,CMPD_ING_DRUG_COST_4,VARCHAR2,NA,10,188112,1118,1127,Nirmal Maharjan,,,,VARCHAR2,,
135,4,153,CMPD_ING_BASIS_CST_DETER_3,VARCHAR2,NA,2,188113,1128,1129,Nirmal Maharjan,,,,VARCHAR2,,
135,4,154,CLIENT_FORM_FLAG_4,VARCHAR2,NA,1,188114,1130,1130,Nirmal Maharjan,,,,VARCHAR2,,
135,4,155,PROD_SERV_NAME_4,VARCHAR2,NA,30,188115,1131,1160,Nirmal Maharjan,,,,VARCHAR2,,
135,4,156,GENERIC_NAME_4,VARCHAR2,NA,30,188116,1161,1190,Nirmal Maharjan,,,,VARCHAR2,,
135,4,157,PROD_STRENGTH_4,VARCHAR2,NA,10,188117,1191,1200,Nirmal Maharjan,,,,VARCHAR2,,
135,4,158,DOSAGE_FORM_CD_4,VARCHAR2,NA,4,188118,1201,1204,Nirmal Maharjan,,,,VARCHAR2,,
135,4,159,DATABASE_IND_4,VARCHAR2,NA,1,188119,1205,1205,Nirmal Maharjan,,,,VARCHAR2,,
135,4,160,DRUG_TYPE_4,VARCHAR2,NA,1,188120,1206,1206,Nirmal Maharjan,,,,VARCHAR2,,
135,4,161,FORM_STATUS_4,VARCHAR2,NA,1,188121,1207,1207,Nirmal Maharjan,,,,VARCHAR2,,
135,4,162,DRUG_CATEGORY_CD_4,VARCHAR2,NA,1,188122,1208,1208,Nirmal Maharjan,,,,VARCHAR2,,
135,4,163,FED_DEA_SCHEDULE_4,VARCHAR2,NA,1,188123,1209,1209,Nirmal Maharjan,,,,VARCHAR2,,
135,4,164,FDA_DRUG_EFFICACY_CD_4,VARCHAR2,NA,1,188124,1210,1210,Nirmal Maharjan,,,,VARCHAR2,,
135,4,165,PROD_CD_QUAL_10,VARCHAR2,NA,1,188125,1211,1211,Nirmal Maharjan,,,,VARCHAR2,,
135,4,166,PROD_CD_10,VARCHAR2,NA,17,188126,1212,1228,Nirmal Maharjan,,,,VARCHAR2,,
135,4,167,PROD_CD_QUAL_11,VARCHAR2,NA,1,188127,1229,1229,Nirmal Maharjan,,,,VARCHAR2,,
135,4,168,PROD_CD_11,VARCHAR2,NA,17,188128,1230,1246,Nirmal Maharjan,,,,VARCHAR2,,
135,1,67,CARRIERNUM,VARCHAR2,NA,4,219306,450,453,Nirmal Maharjan,,,,VARCHAR2,,
135,1,68,BENEFITPLANLEVEL,VARCHAR2,NA,5,219307,454,458,Nirmal Maharjan,,,,VARCHAR2,,
135,1,69,CLAIMCLASSIFCODE,VARCHAR2,NA,4,219308,459,462,Nirmal Maharjan,,,,VARCHAR2,,
135,1,70,FORMULARYTYPE,VARCHAR2,NA,1,219309,463,463,Nirmal Maharjan,,,,VARCHAR2,,
135,1,71,DATERECEIVED,DATE,YYYYMMDD,8,219310,464,471,Nirmal Maharjan,,,,DATE,,
135,1,72,TIMERECEIVED,VARCHAR2,NA,8,219311,472,479,Nirmal Maharjan,,,,VARCHAR2,,
135,1,73,NUMOFAUTHREFILLS,VARCHAR2,NA,2,219312,480,481,Nirmal Maharjan,,,,VARCHAR2,,
135,1,74,PCPNUM,VARCHAR2,NA,18,219313,482,499,Nirmal Maharjan,,,,VARCHAR2,,
135,1,76,PERSONNUM,VARCHAR2,NA,2,219315,508,509,Nirmal Maharjan,,,,VARCHAR2,,
135,1,77,PATIENTLNAME,VARCHAR2,NA,11,219316,510,520,Nirmal Maharjan,,,,VARCHAR2,,
135,1,78,PATIENTFNAME,VARCHAR2,NA,11,219317,521,531,Nirmal Maharjan,,,,VARCHAR2,,
135,1,79,PATIENTMINITIAL,VARCHAR2,NA,1,219318,532,532,Nirmal Maharjan,,,,VARCHAR2,,
135,1,80,PATIENTDOB,DATE,YYYYMMDD,8,219319,533,540,Nirmal Maharjan,,,,DATE,,
135,1,81,PATIENTRELATIONSHIP,VARCHAR2,NA,1,219320,541,541,Nirmal Maharjan,,,,VARCHAR2,,
135,1,82,PATIENTGENDER,VARCHAR2,NA,1,219321,542,542,Nirmal Maharjan,,,,VARCHAR2,,
135,1,83,PRIORAUTMEDCERTSUBCODEIND,VARCHAR2,NA,1,219322,543,543,Nirmal Maharjan,,,,VARCHAR2,,
135,1,84,PRIORAUTMEDCERTSUBCODENUM,VARCHAR2,NA,7,219323,544,550,Nirmal Maharjan,,,,VARCHAR2,,
135,1,85,WELFARECUSTLOCATION,VARCHAR2,NA,2,219324,551,552,Nirmal Maharjan,,,,VARCHAR2,,
135,1,86,PATIENTAGE,INTEGER,NA,3,219325,553,555,Nirmal Maharjan,,,,INTEGER,,
135,1,87,PRIORAUTHINDICATOR,VARCHAR2,NA,1,219326,556,556,Nirmal Maharjan,,,,VARCHAR2,,
135,1,88,CLIENTCOSTTIER,VARCHAR2,NA,3,219327,557,559,Nirmal Maharjan,,,,VARCHAR2,,
135,1,90,SERVICEPROVIDERIDQUALIFIER,VARCHAR2,NA,2,219329,563,564,Nirmal Maharjan,,,,VARCHAR2,,
135,1,92,INGREDIENTCOST,NUMBER,NA,9,219331,568,576,Nirmal Maharjan,,,,NUMBER,,
135,1,93,DISPENSINGFEE,NUMBER,NA,9,219332,577,585,Nirmal Maharjan,,,,NUMBER,,
135,1,94,SALESTAX,NUMBER,NA,9,219333,586,594,Nirmal Maharjan,,,,NUMBER,,
135,1,95,COPAY,NUMBER,NA,9,219334,595,603,Nirmal Maharjan,,,,NUMBER,,
135,1,96,DEDUCTIBLEAPPLIED,NUMBER,NA,9,219335,604,612,Nirmal Maharjan,,,,NUMBER,,
135,1,97,ORIGINALBILLEDAMT,NUMBER,NA,9,219336,613,621,Nirmal Maharjan,,,,NUMBER,,
135,1,98,NETCHECKAMTDUE,NUMBER,NA,9,219337,622,630,Nirmal Maharjan,,,,NUMBER,,
135,1,99,SUBMITTEDTOTALPRICE,NUMBER,NA,9,219338,631,639,Nirmal Maharjan,,,,NUMBER,,
135,1,100,MEMBERSUBMIT,NUMBER,NA,9,219339,640,648,Nirmal Maharjan,,,,NUMBER,,
135,1,101,OUTOFNETWORKPENALTY,NUMBER,NA,9,219340,649,657,Nirmal Maharjan,,,,NUMBER,,
135,1,102,TOTALCOVEREDAMT,NUMBER,NA,9,219341,658,666,Nirmal Maharjan,,,,NUMBER,,
135,1,103,NDCPRICEDIFFERENCE,NUMBER,NA,9,219342,667,675,Nirmal Maharjan,,,,NUMBER,,
135,1,104,AWPUNITPRICE,NUMBER,NA,9,219343,676,684,Nirmal Maharjan,,,,NUMBER,,
135,1,105,ACQUNITPRICE,NUMBER,NA,9,219344,685,693,Nirmal Maharjan,,,,NUMBER,,
135,1,106,AGPUNITPRICE,NUMBER,NA,9,219345,694,702,Nirmal Maharjan,,,,NUMBER,,
135,1,107,FULUNITPRICE,NUMBER,NA,9,219346,703,711,Nirmal Maharjan,,,,NUMBER,,
135,1,108,BRANDGENERICDIFF,VARCHAR2,NA,9,219347,712,720,Nirmal Maharjan,,,,VARCHAR2,,
135,1,109,CHECKDATE,DATE,YYYYMMDD,8,219348,721,728,Nirmal Maharjan,,,,DATE,,
135,1,110,MINIMUMCOPAY,NUMBER,NA,9,219349,729,737,Nirmal Maharjan,,,,NUMBER,,
135,1,111,SUPPLCONSUMERSHARE,NUMBER,NA,9,219350,738,746,Nirmal Maharjan,,,,NUMBER,,
135,1,112,BASEPLANSPONSORSHARE,NUMBER,NA,9,219351,747,755,Nirmal Maharjan,,,,NUMBER,,
135,1,113,PLANSPONSORSUPPLSHARE,NUMBER,NA,9,219352,756,764,Nirmal Maharjan,,,,NUMBER,,
135,1,114,CHECKNUM,VARCHAR2,NA,7,219353,765,771,Nirmal Maharjan,,,,VARCHAR2,,
135,1,115,QTYINTENDEDTOBEDISPENSED,INTEGER,NA,10,219354,772,781,Nirmal Maharjan,,,,INTEGER,,
135,1,116,CDCHHFLAG,VARCHAR2,NA,1,219355,782,782,Nirmal Maharjan,,,,VARCHAR2,,
135,1,117,CDCHHDIFFERENCE,NUMBER,NA,9,219356,783,791,Nirmal Maharjan,,,,NUMBER,,
135,1,118,SERVICEPROVIDERID,VARCHAR2,NA,10,219357,792,801,Nirmal Maharjan,,,,VARCHAR2,,
135,1,119,PHARMACYCOUNTYCODE,VARCHAR2,NA,3,219358,802,804,Nirmal Maharjan,,,,VARCHAR2,,
135,1,120,PHARMACYCLASS,VARCHAR2,NA,1,219359,805,805,Nirmal Maharjan,,,,VARCHAR2,,
135,1,121,PHARMACYNETWORK,VARCHAR2,NA,1,219360,806,806,Nirmal Maharjan,,,,VARCHAR2,,
135,1,122,CHAINNUM,VARCHAR2,NA,4,219361,807,810,Nirmal Maharjan,,,,VARCHAR2,,
135,1,123,SSN,VARCHAR2,NA,9,219362,811,819,Nirmal Maharjan,,,,VARCHAR2,,
135,1,124,HRAAMOUNT,NUMBER,NA,11,219363,820,830,Nirmal Maharjan,,,,NUMBER,,
135,1,126,TRANSACTIONSTATUS,VARCHAR2,NA,2,219365,834,835,Nirmal Maharjan,,,,VARCHAR2,,
135,1,127,REJECTCODES,VARCHAR2,NA,6,219366,836,841,Nirmal Maharjan,,,,VARCHAR2,,
135,1,128,PHYSICIANID,VARCHAR2,NA,10,219367,842,851,Nirmal Maharjan,,,,VARCHAR2,,
135,1,129,DOCTORSIGNATURE,VARCHAR2,NA,1,219368,852,852,Nirmal Maharjan,,,,VARCHAR2,,
135,1,130,PLANCODE,VARCHAR2,NA,3,219369,853,855,Nirmal Maharjan,,,,VARCHAR2,,
135,1,131,INSULINPLAN,VARCHAR2,NA,1,219370,856,856,Nirmal Maharjan,,,,VARCHAR2,,
135,1,132,CUTBACKINDICATOR,VARCHAR2,NA,1,219371,857,857,Nirmal Maharjan,,,,VARCHAR2,,
135,1,133,REGIONALPRICINGSWITCH,VARCHAR2,NA,1,219372,858,858,Nirmal Maharjan,,,,VARCHAR2,,
135,1,134,ADJUSTMENTREASONCODE,VARCHAR2,NA,3,219373,859,861,Nirmal Maharjan,,,,VARCHAR2,,
135,1,135,ADJUSTMENTTYPE,VARCHAR2,NA,1,219374,862,862,Nirmal Maharjan,,,,VARCHAR2,,
135,1,136,FORMULARYINDICATOR,VARCHAR2,NA,1,219375,863,863,Nirmal Maharjan,,,,VARCHAR2,,
135,1,137,ADJUDICATEDDATE,DATE,YYYYMMDD,8,219376,864,871,Nirmal Maharjan,,,,DATE,,
135,1,139,OUTOFPOCKETAPPLIEDAMT,NUMBER,NA,9,219378,875,883,Nirmal Maharjan,,,,NUMBER,,
135,1,140,USUALCUSTOMARY,NUMBER,NA,9,219379,884,892,Nirmal Maharjan,,,,NUMBER,,
135,1,141,COMMUNICATIONTYPE,VARCHAR2,NA,1,219380,893,893,Nirmal Maharjan,,,,VARCHAR2,,
135,1,142,HCFAINDICATOR,VARCHAR2,NA,1,219381,894,894,Nirmal Maharjan,,,,VARCHAR2,,
135,1,143,SEGMENTINDICATOR,VARCHAR2,NA,4,219382,895,898,Nirmal Maharjan,,,,VARCHAR2,,
135,1,144,CUSTOMERNUM,VARCHAR2,NA,7,219383,899,905,Nirmal Maharjan,,,,VARCHAR2,,
135,1,145,POLICY,VARCHAR2,NA,7,219384,906,912,Nirmal Maharjan,,,,VARCHAR2,,
135,1,146,PLANVARIATION,VARCHAR2,NA,4,219385,913,916,Nirmal Maharjan,,,,VARCHAR2,,
135,1,147,REPORTINGCODE,VARCHAR2,NA,4,219386,917,920,Nirmal Maharjan,,,,VARCHAR2,,
135,1,148,MEMBERSEQNUM,VARCHAR2,NA,2,219387,921,922,Nirmal Maharjan,,,,VARCHAR2,,
135,1,149,MEMBERTICRELCODE,VARCHAR2,NA,2,219388,923,924,Nirmal Maharjan,,,,VARCHAR2,,
135,1,150,SUFFIX,VARCHAR2,NA,2,219389,925,926,Nirmal Maharjan,,,,VARCHAR2,,
135,1,151,HMOACCOUNTDIVISION,VARCHAR2,NA,3,219390,927,929,Nirmal Maharjan,,,,VARCHAR2,,
135,1,152,CLAIMACCOUNTCODE,VARCHAR2,NA,3,219391,930,932,Nirmal Maharjan,,,,VARCHAR2,,
135,1,153,STATUSCODE,VARCHAR2,NA,1,219392,933,933,Nirmal Maharjan,,,,VARCHAR2,,
135,1,154,OOPINDICATOR,VARCHAR2,NA,1,219393,934,934,Nirmal Maharjan,,,,VARCHAR2,,
135,1,155,FUNDINGINDICATOR,VARCHAR2,NA,1,219394,935,935,Nirmal Maharjan,,,,VARCHAR2,,
135,1,156,PRODUCTTYPE,VARCHAR2,NA,3,219395,936,938,Nirmal Maharjan,,,,VARCHAR2,,
135,1,157,DIVISION,VARCHAR2,NA,4,219396,939,942,Nirmal Maharjan,,,,VARCHAR2,,
135,1,158,MEDICAREINDICATOR,VARCHAR2,NA,1,219397,943,943,Nirmal Maharjan,,,,VARCHAR2,,
135,1,159,UTILITY1,VARCHAR2,NA,8,219398,944,951,Nirmal Maharjan,,,,VARCHAR2,,
135,1,160,COMMONUTILITY1,VARCHAR2,NA,8,219399,952,959,Nirmal Maharjan,,,,VARCHAR2,,
135,1,161,RESIDENTIALMARKETSITE,VARCHAR2,NA,7,219400,960,966,Nirmal Maharjan,,,,VARCHAR2,,
135,1,162,PRIMEINDICATOR,VARCHAR2,NA,3,219401,967,969,Nirmal Maharjan,,,,VARCHAR2,,
135,1,163,OFFICEOFREGISTRATION,VARCHAR2,NA,3,219402,970,972,Nirmal Maharjan,,,,VARCHAR2,,
135,1,164,COSMOSDIV,VARCHAR2,NA,3,219403,973,975,Nirmal Maharjan,,,,VARCHAR2,,
135,1,166,ALTIDINDICATOR,VARCHAR2,NA,1,219405,981,981,Nirmal Maharjan,,,,VARCHAR2,,
135,1,167,TICSEQUENCENUMBER,VARCHAR2,NA,2,219406,982,983,Nirmal Maharjan,,,,VARCHAR2,,
135,1,168,MEDICAREPARTDINDICATOR,VARCHAR2,NA,1,219407,984,984,Nirmal Maharjan,,,,VARCHAR2,,
135,1,169,COBINDICATOR2,VARCHAR2,NA,1,219408,985,985,Nirmal Maharjan,,,,VARCHAR2,,
135,1,171,SAINDICATOR,VARCHAR2,NA,2,219410,992,993,Nirmal Maharjan,,,,VARCHAR2,,
135,1,172,NONSSN,VARCHAR2,NA,9,219411,994,1002,Nirmal Maharjan,,,,VARCHAR2,,
135,1,173,LOCATORUSERSEQ2,VARCHAR2,NA,15,219412,1003,1017,Nirmal Maharjan,,,,VARCHAR2,,
135,1,174,CLAIMPRICINGUSEDINDICATOR,VARCHAR2,NA,1,219413,1018,1018,Nirmal Maharjan,,,,VARCHAR2,,
135,1,175,DAYSSUPPLYINTENDEDTOBEDISP,NUMBER,NA,3,219414,1019,1021,Nirmal Maharjan,,,,NUMBER,,
135,1,176,FORMULARYID,VARCHAR2,NA,3,219415,1022,1024,Nirmal Maharjan,,,,VARCHAR2,,
135,1,177,METRICDECIMALQUANTITY,NUMBER,NA,10,219416,1025,1034,Nirmal Maharjan,,,,NUMBER,,
135,1,178,PHARMACYNAME,VARCHAR2,NA,20,219417,1035,1054,Nirmal Maharjan,,,,VARCHAR2,,
135,1,179,COSMOSPROVIDERID,VARCHAR2,NA,10,219418,1055,1064,Nirmal Maharjan,,,,VARCHAR2,,
135,1,180,SITEID,VARCHAR2,NA,4,219419,1065,1068,Nirmal Maharjan,,,,VARCHAR2,,
135,1,182,INFERREDFILLEDQUANTITY,NUMBER,NA,12,219421,1071,1082,Nirmal Maharjan,,,,NUMBER,,
135,1,183,CALCULATEDINGREDIENTCOST,NUMBER,NA,9,219422,1083,1091,Nirmal Maharjan,,,,NUMBER,,
135,1,184,NETWORKTYPE,VARCHAR2,NA,1,219423,1092,1092,Nirmal Maharjan,,,,VARCHAR2,,
135,1,185,TABLETSPLITTINGINDICATOR,VARCHAR2,NA,1,219424,1093,1093,Nirmal Maharjan,,,,VARCHAR2,,
135,1,186,AWPUNITPRICE2,NUMBER,NA,13,219425,1094,1106,Nirmal Maharjan,,,,NUMBER,,
135,1,187,ACQUNITPRICE2,NUMBER,NA,13,219426,1107,1119,Nirmal Maharjan,,,,NUMBER,,
135,1,188,AGPUNITPRICE2,NUMBER,NA,13,219427,1120,1132,Nirmal Maharjan,,,,NUMBER,,
135,1,189,FULUNITPRICE2,NUMBER,NA,13,219428,1133,1145,Nirmal Maharjan,,,,NUMBER,,
135,1,190,BRANDGENERICINDICATOR,VARCHAR2,NA,1,219429,1146,1146,Nirmal Maharjan,,,,VARCHAR2,,
135,1,191,PRESCRIBERIDQUALIFIER,VARCHAR2,NA,2,219430,1147,1148,Nirmal Maharjan,,,,VARCHAR2,,
135,1,192,ADDITIONALPHARMACYID,VARCHAR2,NA,10,219431,1149,1158,Nirmal Maharjan,,,,VARCHAR2,,
135,1,193,ADDITIONALPRESCRIBERID,VARCHAR2,NA,10,219432,1159,1168,Nirmal Maharjan,,,,VARCHAR2,,
135,1,194,SPECIALTYDRUGANDPROVIDERCODE,VARCHAR2,NA,1,219433,1169,1169,Nirmal Maharjan,,,,VARCHAR2,,
135,1,195,LEGACYNABP,VARCHAR2,NA,10,219434,1170,1179,Nirmal Maharjan,,,,VARCHAR2,,
135,1,196,LEGACYDEA,VARCHAR2,NA,10,219435,1180,1189,Nirmal Maharjan,,,,VARCHAR2,,
135,1,197,INFERREDFILLMETHODCODE,VARCHAR2,NA,1,219436,1190,1190,Nirmal Maharjan,,,,VARCHAR2,,
135,1,199,FORFUTUREUSE1,VARCHAR2,NA,19,219438,1251,1269,Nirmal Maharjan,,,,VARCHAR2,,
135,1,200,FORFUTUREUSE2,VARCHAR2,NA,30,219439,1270,1299,Nirmal Maharjan,,,,VARCHAR2,,
135,1,201,FORFUTUREUSE3,VARCHAR2,NA,6,219440,1300,1305,Nirmal Maharjan,,,,VARCHAR2,,
135,1,202,NUMOFGENMANUFACTURERS,VARCHAR2,NA,3,219441,1306,1308,Nirmal Maharjan,,,,VARCHAR2,,
135,1,203,FORFUTUREUSE4,VARCHAR2,NA,1,219442,1309,1309,Nirmal Maharjan,,,,VARCHAR2,,
135,1,204,FORFUTUREUSE5,VARCHAR2,NA,1,219443,1310,1310,Nirmal Maharjan,,,,VARCHAR2,,
135,1,205,FORFUTUREUSE6,VARCHAR2,NA,1,219444,1311,1311,Nirmal Maharjan,,,,VARCHAR2,,
135,1,206,EXPANDEDRXNUMBER,VARCHAR2,NA,12,219445,1312,1323,Nirmal Maharjan,,,,VARCHAR2,,
135,1,207,FORFUTUREUSE7,VARCHAR2,NA,1,219446,1324,1324,Nirmal Maharjan,,,,VARCHAR2,,
135,1,208,AMOUNTOFCOINSURANCE,Number,NA,10,219447,1325,1334,Nirmal Maharjan,,,,NUMBER,,
135,1,209,AMTATTTOPROCESSORFEE,Number,NA,10,219448,1335,1344,Nirmal Maharjan,,,,NUMBER,,
135,1,210,AMOUNTPROVNET,Number,NA,10,219449,1345,1354,Nirmal Maharjan,,,,NUMBER,,
135,1,211,BRANDDRUG,VARCHAR2,NA,10,219450,1355,1364,Nirmal Maharjan,,,,VARCHAR2,,
135,1,212,NONPREFERREDFORMSEL,VARCHAR2,NA,10,219451,1365,1374,Nirmal Maharjan,,,,VARCHAR2,,
135,1,213,BRANDNONPREFORM,VARCHAR2,NA,10,219452,1375,1384,Nirmal Maharjan,,,,VARCHAR2,,
135,1,214,AMOUNTATTRIBTOCOVGAP,Number,NA,10,219453,1385,1394,Nirmal Maharjan,,,,NUMBER,,
135,1,215,COBCARRIERSUBAMT,Number,NA,10,219454,1395,1404,Nirmal Maharjan,,,,NUMBER,,
135,1,216,COBPRIMCLAIMTYPE,VARCHAR2,NA,1,219455,1405,1405,Nirmal Maharjan,,,,VARCHAR2,,
135,1,217,COBPRIMPAYERID,VARCHAR2,NA,10,219456,1406,1415,Nirmal Maharjan,,,,VARCHAR2,,
135,1,165,COSMOSGROUP,VARCHAR2,NA,5,219404,976,980,Nirmal Maharjan,,,,VARCHAR2,,
135,1,218,COBPRIMPAYERALLOWEDAMT,VARCHAR2,NA,10,219457,1416,1425,Nirmal Maharjan,,,,VARCHAR2,,
135,1,219,COBPRIMPAYERAMOUNTPAID,VARCHAR2,NA,10,219458,1426,1435,Nirmal Maharjan,,,,VARCHAR2,,
135,1,220,COBPRIMPAYERDEDUCT,VARCHAR2,NA,10,219459,1436,1445,Nirmal Maharjan,,,,VARCHAR2,,
135,1,221,COBPRIMPAYERCOINS,VARCHAR2,NA,10,219460,1446,1455,Nirmal Maharjan,,,,VARCHAR2,,
135,1,222,COBPRIMPAYERCOPAY,VARCHAR2,NA,10,219461,1456,1465,Nirmal Maharjan,,,,VARCHAR2,,
135,1,223,COBSECONPAYERID,VARCHAR2,NA,10,219462,1466,1475,Nirmal Maharjan,,,,VARCHAR2,,
135,1,224,COBSECONDPAYERALLOWAMT,VARCHAR2,NA,10,219463,1476,1485,Nirmal Maharjan,,,,VARCHAR2,,
135,1,225,COBSECONPAYERAMTPAID,VARCHAR2,NA,10,219464,1486,1495,Nirmal Maharjan,,,,VARCHAR2,,
135,1,226,COBSECONPAYERDEDUCT,VARCHAR2,NA,10,219465,1496,1505,Nirmal Maharjan,,,,VARCHAR2,,
135,1,227,COBSECONPAYERCOINS,VARCHAR2,NA,10,219466,1506,1515,Nirmal Maharjan,,,,VARCHAR2,,
135,1,228,COBSECONPAYERCOPAY,VARCHAR2,NA,10,219467,1516,1525,Nirmal Maharjan,,,,VARCHAR2,,
135,1,229,AMOUNTQUALIFIER1,VARCHAR2,NA,2,219468,1526,1527,Nirmal Maharjan,,,,VARCHAR2,,
135,1,230,PATIENTRESPONAMT1,VARCHAR2,NA,12,219469,1528,1539,Nirmal Maharjan,,,,VARCHAR2,,
135,1,231,AMOUNTQUALIFIER2,VARCHAR2,NA,2,219470,1540,1541,Nirmal Maharjan,,,,VARCHAR2,,
135,1,232,PATIENTRESPONAMT2,VARCHAR2,NA,12,219471,1542,1553,Nirmal Maharjan,,,,VARCHAR2,,
135,1,233,AMOUNTQUALIFIER3,VARCHAR2,NA,2,219472,1554,1555,Nirmal Maharjan,,,,VARCHAR2,,
135,1,234,PATIENTRESPONAMT3,VARCHAR2,NA,12,219473,1556,1567,Nirmal Maharjan,,,,VARCHAR2,,
135,1,235,AMOUNTQUALIFIER4,VARCHAR2,NA,2,219474,1568,1569,Nirmal Maharjan,,,,VARCHAR2,,
135,1,236,PATIENTRESPONAMT4,VARCHAR2,NA,12,219475,1570,1581,Nirmal Maharjan,,,,VARCHAR2,,
135,1,237,AMOUNTQUALIFIER5,VARCHAR2,NA,2,219476,1582,1583,Nirmal Maharjan,,,,VARCHAR2,,
135,1,238,PATIENTRESPONAMT5,VARCHAR2,NA,12,219477,1584,1595,Nirmal Maharjan,,,,VARCHAR2,,
135,1,239,AMOUNTQUALIFIER6,VARCHAR2,NA,2,219478,1596,1597,Nirmal Maharjan,,,,VARCHAR2,,
135,1,240,PATIENTRESPONAMT6,VARCHAR2,NA,12,219479,1598,1609,Nirmal Maharjan,,,,VARCHAR2,,
135,1,241,AMOUNTQUALIFIER7,VARCHAR2,NA,2,219480,1610,1611,Nirmal Maharjan,,,,VARCHAR2,,
135,1,242,PATIENTRESPONAMT7,VARCHAR2,NA,12,219481,1612,1623,Nirmal Maharjan,,,,VARCHAR2,,
135,1,243,AMOUNTQUALIFIER8,VARCHAR2,NA,2,219482,1624,1625,Nirmal Maharjan,,,,VARCHAR2,,
135,1,1,RECCODE,VARCHAR2,NA,1,219240,1,1,Nirmal Maharjan,,,,VARCHAR2,,
135,1,2,PROCESSORNUM,VARCHAR2,NA,10,219241,2,11,Nirmal Maharjan,,,,VARCHAR2,,
135,1,3,BATCHNUM,VARCHAR2,NA,5,219242,12,16,Nirmal Maharjan,,,,VARCHAR2,,
135,1,4,RUNDATE,DATE,YYYYMMDD,8,219243,17,24,Nirmal Maharjan,,,,DATE,,
135,1,5,RECORDTYPE,VARCHAR2,NA,1,219244,25,25,Nirmal Maharjan,,,,VARCHAR2,,
135,1,6,MEDIATYPE,VARCHAR2,NA,1,219245,26,26,Nirmal Maharjan,,,,VARCHAR2,,
135,1,7,VENDORASSIGNEDBATCHNUM,VARCHAR2,NA,14,219246,27,40,Nirmal Maharjan,,,,VARCHAR2,,
135,1,8,PRESCRIPTIONNUM,VARCHAR2,NA,7,219247,41,47,Nirmal Maharjan,,,,VARCHAR2,,
135,1,9,DATEOFSERVICE,DATE,YYYYMMDD,8,219248,48,55,Nirmal Maharjan,,,,DATE,,
135,1,10,DATEPRESCRIPTIONWRITTEN,DATE,YYYYMMDD,8,219249,56,63,Nirmal Maharjan,,,,DATE,,
135,1,11,MAILRECEIVEDDATE,DATE,YYYYMMDD,8,219250,64,71,Nirmal Maharjan,,,,DATE,,
135,1,12,DAYSSUPPLY,INTEGER,NA,3,219251,72,74,Nirmal Maharjan,,,,INTEGER,,
135,1,14,NEWORREFILL,VARCHAR2,NA,2,219253,80,81,Nirmal Maharjan,,,,VARCHAR2,,
135,1,15,DISPENSEASWRITTEN,VARCHAR2,NA,1,219254,82,82,Nirmal Maharjan,,,,VARCHAR2,,
135,1,16,BASISOFCOST,VARCHAR2,NA,2,219255,83,84,Nirmal Maharjan,,,,VARCHAR2,,
135,1,17,DIAGNOSISCODE,VARCHAR2,NA,6,219256,85,90,Nirmal Maharjan,,,,VARCHAR2,,
135,1,18,COBINDICATOR,VARCHAR2,NA,1,219257,91,91,Nirmal Maharjan,,,,VARCHAR2,,
135,1,19,OVERRIDECODE,VARCHAR2,NA,2,219258,92,93,Nirmal Maharjan,,,,VARCHAR2,,
135,1,244,PATIENTRESPONAMT8,VARCHAR2,NA,12,219483,1626,1637,Nirmal Maharjan,,,,VARCHAR2,,
135,1,245,AMOUNTQUALIFIER9,VARCHAR2,NA,2,219484,1638,1639,Nirmal Maharjan,,,,VARCHAR2,,
135,1,246,PATIENTRESPONAMT9,VARCHAR2,NA,12,219485,1640,1651,Nirmal Maharjan,,,,VARCHAR2,,
135,1,247,AMOUNTQUALIFIER10,VARCHAR2,NA,2,219486,1652,1653,Nirmal Maharjan,,,,VARCHAR2,,
135,1,248,PATIENTRESPONAMT10,VARCHAR2,NA,12,219487,1654,1665,Nirmal Maharjan,,,,VARCHAR2,,
135,1,249,SALESTAXEXEMPTIONIND,VARCHAR2,NA,1,219488,1666,1666,Nirmal Maharjan,,,,VARCHAR2,,
135,1,250,FORFUTUREUSE8,VARCHAR2,NA,1,219489,1667,1667,Nirmal Maharjan,,,,VARCHAR2,,
135,1,251,FORFUTUREUSE9,VARCHAR2,NA,10,219490,1668,1677,Nirmal Maharjan,,,,VARCHAR2,,
135,1,252,FORFUTUREUSE10,VARCHAR2,NA,1,219491,1678,1678,Nirmal Maharjan,,,,VARCHAR2,,
135,1,253,MEDPARTBELICLMIND,VARCHAR2,NA,1,219492,1679,1679,Nirmal Maharjan,,,,VARCHAR2,,
135,1,254,FORFUTUREUSE11,VARCHAR2,NA,10,219493,1680,1689,Nirmal Maharjan,,,,VARCHAR2,,
135,1,255,FORFUTUREUSE12,VARCHAR2,NA,200,219494,1690,1889,Nirmal Maharjan,,,,VARCHAR2,,
135,1,256,EXPERTFIELDREQUEST,VARCHAR2,NA,100,219495,1890,1989,Nirmal Maharjan,,,,VARCHAR2,,
135,1,21,WCCLAIM,VARCHAR2,NA,14,219260,96,109,Nirmal Maharjan,,,,VARCHAR2,,
135,1,20,RESUBMISSIONCOUNT,VARCHAR2,NA,2,219259,94,95,Nirmal Maharjan,,,,VARCHAR2,,
135,1,23,PRODUCTSERVICEID,VARCHAR2,NA,19,219262,116,134,Nirmal Maharjan,,,,VARCHAR2,,
135,1,24,DRUGNAME,VARCHAR2,NA,30,219263,135,164,Nirmal Maharjan,,,,VARCHAR2,,
135,1,25,DRUGCATEGORYCODE,VARCHAR2,NA,1,219264,165,165,Nirmal Maharjan,,,,VARCHAR2,,
135,1,26,DRUGCLASS,VARCHAR2,NA,1,219265,166,166,Nirmal Maharjan,,,,VARCHAR2,,
135,1,27,DEACLASSOFDRUG,VARCHAR2,NA,1,219266,167,167,Nirmal Maharjan,,,,VARCHAR2,,
135,1,28,UNITOFSALE,INTEGER,NA,1,219267,168,168,Nirmal Maharjan,,,,INTEGER,,
135,1,29,DOSAGEDESCRIPTION,VARCHAR2,NA,2,219268,169,170,Nirmal Maharjan,,,,VARCHAR2,,
135,1,30,COMPOUNDCODEINDICATOR,VARCHAR2,NA,1,219269,171,171,Nirmal Maharjan,,,,VARCHAR2,,
135,1,31,MAINTENANCEDRUGINDICATOR,VARCHAR2,NA,1,219270,172,172,Nirmal Maharjan,,,,VARCHAR2,,
135,1,32,DRUGINDICATOR,VARCHAR2,NA,1,219271,173,173,Nirmal Maharjan,,,,VARCHAR2,,
135,1,33,GCN,VARCHAR2,NA,8,219272,174,181,Nirmal Maharjan,,,,VARCHAR2,,
135,1,34,THERAPCLASSCODESPECIFIC,VARCHAR2,NA,3,219273,182,184,Nirmal Maharjan,,,,VARCHAR2,,
135,1,35,THERAPCLASSCODEAHFS,VARCHAR2,NA,6,219274,185,190,Nirmal Maharjan,,,,VARCHAR2,,
135,1,36,THERAPCLASSCODESTANDARD,VARCHAR2,NA,2,219275,191,192,Nirmal Maharjan,,,,VARCHAR2,,
135,1,37,THERAPCLASSCODEGENERIC,VARCHAR2,NA,2,219276,193,194,Nirmal Maharjan,,,,VARCHAR2,,
135,1,38,DRUGSTRENGTH,VARCHAR2,NA,7,219277,195,201,Nirmal Maharjan,,,,VARCHAR2,,
135,1,39,ORIGINALBATCHNUM,VARCHAR2,NA,12,219278,202,213,Nirmal Maharjan,,,,VARCHAR2,,
135,1,40,PRODSERVICEIDQUALIFIER,VARCHAR2,NA,2,219279,214,215,Nirmal Maharjan,,,,VARCHAR2,,
135,1,41,MEMBERELIGIBILITYNUM,VARCHAR2,NA,18,219280,216,233,Nirmal Maharjan,,,,VARCHAR2,,
135,1,42,GROUPNUM,VARCHAR2,NA,15,219281,234,248,Nirmal Maharjan,,,,VARCHAR2,,
135,1,43,MEMBERLNAME,VARCHAR2,NA,15,219282,249,263,Nirmal Maharjan,,,,VARCHAR2,,
135,1,44,MEMBERFNAME,VARCHAR2,NA,11,219283,264,274,Nirmal Maharjan,,,,VARCHAR2,,
135,1,45,MEMBERMINITIAL,VARCHAR2,NA,1,219284,275,275,Nirmal Maharjan,,,,VARCHAR2,,
135,1,46,MEMBERSTATUS,VARCHAR2,NA,1,219285,276,276,Nirmal Maharjan,,,,VARCHAR2,,
135,1,47,MEMBERDOB,DATE,YYYYMMDD,8,219286,277,284,Nirmal Maharjan,,,,DATE,,
135,1,48,MEMBERADD1,VARCHAR2,NA,25,219287,285,309,Nirmal Maharjan,,,,VARCHAR2,,
135,1,49,MEMBERADD2,VARCHAR2,NA,25,219288,310,334,Nirmal Maharjan,,,,VARCHAR2,,
135,1,50,MEMBERCITY,VARCHAR2,NA,18,219289,335,352,Nirmal Maharjan,,,,VARCHAR2,,
135,1,51,MEMBERSTATE,VARCHAR2,NA,2,219290,353,354,Nirmal Maharjan,,,,VARCHAR2,,
135,1,52,MEMBERZIP,VARCHAR2,NA,5,219291,355,359,Nirmal Maharjan,,,,VARCHAR2,,
135,1,53,MEMBEREXPANDEDZIP,VARCHAR2,NA,4,219292,360,363,Nirmal Maharjan,,,,VARCHAR2,,
135,1,54,LOCATORUSERSEQ,VARCHAR2,NA,7,219293,364,370,Nirmal Maharjan,,,,VARCHAR2,,
135,1,55,USERGROUPNUM,VARCHAR2,NA,15,219294,371,385,Nirmal Maharjan,,,,VARCHAR2,,
135,1,57,USERBENEFITID,VARCHAR2,NA,4,219296,394,397,Nirmal Maharjan,,,,VARCHAR2,,
135,1,58,USERCOVERAGEID,VARCHAR2,NA,4,219297,398,401,Nirmal Maharjan,,,,VARCHAR2,,
135,1,61,INSURANCECODE,VARCHAR2,NA,20,219300,406,425,Nirmal Maharjan,,,,VARCHAR2,,
135,1,62,DISPENSINGSTATUS,VARCHAR2,NA,1,219301,426,426,Nirmal Maharjan,,,,VARCHAR2,,
135,1,63,OTHERCOVERAGECODE,VARCHAR2,NA,1,219302,427,427,Nirmal Maharjan,,,,VARCHAR2,,
135,1,64,OTHERPAYERPAIDAMT,NUMBER,NA,10,219303,428,437,Nirmal Maharjan,,,,NUMBER,,
135,1,66,CONTRACTNUM,VARCHAR2,NA,8,219305,442,449,Nirmal Maharjan,,,,VARCHAR2,,
